%YAML:1.0
Tree: !!opencv-matrix
   rows: 4
   cols: 412
   dt: d
   data: [ 112., 240., 275., 244., 42., 142., 1., 29., 7., 45., 23.,
       228., 19., 45., 25., 50., 50., 38., 24., 83., 32., 396., 59., 49.,
       275., 58., 42., 105., 50., 9., 32., 105., 15., 50., 50., 97., 17.,
       32., 50., 307., 25., 83., 43., 38., 50., 32., 34., 29., 32., 25.,
       41., 275., 40., 126., 106., 25., 250., 307., 32., 174., 12., 50.,
       105., 31., 58., 30., 186., 41., 32., 55., 139., 244., 272., 168.,
       72., 99., 9., 58., 183., 382., 40., 334., 97., 343., 100., 191.,
       234., 178., 172., 61., 334., 31., 234., 67., 143., 334., 114.,
       50., 337., 276., 334., 142., 367., 275., 17., 275., 36., 396.,
       280., 280., 280., 33., 4., 276., 280., 83., 186., 251., 328.,
       280., 261., 97., 118., 141., 34., 80., 122., 75., 118., 119., 25.,
       129., 136., 178., 159., 212., 280., 143., 279., 39., 183., 127.,
       60., 250., 290., 297., 70., 250., 398., 275., 35., 35., 164.,
       340., 122., 156., 121., 279., 382., 340., 250., 250., 117., 143.,
       144., 349., 213., 273., 172., 187., 32., 250., 251., 168., 58.,
       72., 38., 61., 334., 83., 22., 31., 251., 292., 331., 80., 89.,
       168., 377., 212., 150., 52., 353., 195., 396., 139., 183., 391.,
       83., 140., 132., 142., 201., 202., 141., 51., 30., 212., 24.,
       259., 209., 214., 211., 377., 148., 212., 68., 212., 234., 369.,
       219., 219., 133., 28., 272., 219., 222., 211., 245., 341., 231.,
       338., 108., 192., 91., 48., 147., 365., 296., 354., 142., 84.,
       344., 245., 17., 92., 225., 328., 156., 181., 251., 97., 247.,
       359., 281., 172., 179., 333., 300., 212., 259., 40., 17., 212.,
       217., 165., 272., 279., 67., 355., 211., 219., 327., 113., 338.,
       83., 126., 247., 402., 319., 84., 327., 324., 268., 248., 117.,
       143., 343., 82., 155., 340., 164., 97., 201., 378., 290., 95.,
       100., 306., 132., 298., 304., 245., 154., 298., 315., 380., 50.,
       305., 252., 80., 301., 333., 186., 355., 365., 113., 99., 25.,
       340., 269., 323., 338., 276., 279., 354., 337., 327., 327., 257.,
       372., 83., 26., 327., 254., 8., 329., 334., 340., 367., 367.,
       327., 325., 327., 340., 379., 340., 333., 167., 340., 285., 372.,
       328., 377., 337., 365., 327., 382., 355., 377., 211., 339., 138.,
       340., 285., 340., 343., 272., 365., 136., 92., 311., 272., 368.,
       407., 403., 247., 341., 377., 356., 379., 294., 377., 45., 328.,
       357., 378., 122., 72., 294., 360., 356., 83., 386., 377., 366.,
       58., 188., 76., 234., 311., 327., 136., 151., 346., 179., 137.,
       187., 407., 151., 310., 228., 8.7239999999999995e-01,
       6.6659999999999997e-01, 6.5679999999999994e-01,
       8.9200000000000002e-01, 6.9599999999999995e-01,
       6.0780000000000001e-01, 8.8219999999999998e-01,
       5.1960000000000006e-01, 6.4700000000000002e-01,
       3.3339999999999997e-01, 9.1159999999999997e-01,
       4.1180000000000000e-01, 4.9019999999999997e-01,
       3.3339999999999997e-01, 4.0200000000000002e-01,
       3.4320000000000001e-01, 3.7259999999999999e-01,
       5.4900000000000004e-01, 6.6659999999999997e-01,
       5.7840000000000003e-01, 2.8439999999999999e-01,
       3.7259999999999999e-01, 4.3140000000000001e-01,
       4.1180000000000000e-01, 3.3339999999999997e-01,
       1.4720000000000000e-01, 4.2159999999999997e-01,
       5.0000000000000000e-01, 2.5500000000000000e-01,
       2.6480000000000004e-01, 2.3540000000000000e-01,
       4.0200000000000002e-01, 2.2559999999999999e-01,
       3.9219999999999999e-01, 3.6280000000000001e-01,
       2.8439999999999999e-01, 3.9219999999999999e-01,
       2.8439999999999999e-01, 3.1380000000000002e-01,
       7.5480000000000003e-01, 1.5700000000000000e-01,
       3.6280000000000001e-01, 3.5299999999999998e-01,
       4.9019999999999997e-01, 5.1960000000000006e-01,
       2.9420000000000002e-01, 5.2939999999999998e-01,
       5.5879999999999996e-01, 2.3540000000000000e-01,
       2.3540000000000000e-01, 2.4520000000000000e-01,
       2.8439999999999999e-01, 3.3339999999999997e-01,
       1.8640000000000001e-01, 6.0780000000000001e-01,
       4.1180000000000000e-01, 5.6859999999999999e-01,
       4.2159999999999997e-01, 1.5700000000000000e-01,
       2.6480000000000004e-01, 4.8039999999999999e-01,
       1.8640000000000001e-01, 3.1380000000000002e-01,
       3.6280000000000001e-01, 4.2159999999999997e-01,
       3.3339999999999997e-01, 3.9219999999999999e-01,
       5.0000000000000000e-01, 5.0000000000000000e-01,
       1.2759999999999999e-01, 6.8620000000000003e-01,
       2.4520000000000000e-01, 1.6680000000000000e-01,
       2.9420000000000002e-01, 4.2159999999999997e-01,
       2.0600000000000002e-01, 2.5500000000000000e-01,
       2.2559999999999999e-01, 2.1579999999999999e-01,
       3.5299999999999998e-01, 4.7060000000000002e-01,
       7.5480000000000003e-01, 5.7840000000000003e-01,
       4.6079999999999999e-01, 2.2559999999999999e-01,
       6.2740000000000007e-01, 1.6680000000000000e-01,
       2.1579999999999999e-01, 4.2159999999999997e-01,
       2.3540000000000000e-01, 2.4520000000000000e-01,
       2.4520000000000000e-01, 2.8439999999999999e-01,
       3.8240000000000002e-01, 1.6680000000000000e-01,
       1.5700000000000000e-01, 1.4720000000000000e-01,
       6.5679999999999994e-01, 1.0800000000000000e-01,
       2.0600000000000002e-01, 2.8439999999999999e-01,
       3.7259999999999999e-01, 1.7660000000000001e-01,
       2.2559999999999999e-01, 8.6260000000000003e-01,
       5.1960000000000006e-01, 3.6280000000000001e-01,
       3.3339999999999997e-01, 1.8640000000000001e-01,
       1.5700000000000000e-01, 1.5700000000000000e-01,
       2.1579999999999999e-01, 6.5679999999999994e-01,
       1.8640000000000001e-01, 1.4720000000000000e-01,
       4.7060000000000002e-01, 1.7660000000000001e-01,
       3.3339999999999997e-01, 3.0399999999999999e-01,
       1.3740000000000002e-01, 5.9000000000000004e-02,
       1.4720000000000000e-01, 2.6480000000000004e-01,
       4.2159999999999997e-01, 2.0600000000000002e-01,
       1.4720000000000000e-01, 1.5700000000000000e-01,
       6.8800000000000000e-02, 1.6680000000000000e-01,
       4.9200000000000001e-02, 3.3339999999999997e-01,
       1.9620000000000001e-01, 1.0800000000000000e-01,
       1.7660000000000001e-01, 8.8399999999999992e-02,
       1.1779999999999999e-01, 2.1579999999999999e-01,
       1.3740000000000002e-01, 1.4720000000000000e-01,
       1.6680000000000000e-01, 1.7660000000000001e-01,
       1.4720000000000000e-01, 4.0200000000000002e-01,
       2.6480000000000004e-01, 1.8640000000000001e-01,
       2.6480000000000004e-01, 5.9000000000000004e-02,
       2.3540000000000000e-01, 2.0600000000000002e-01,
       1.0800000000000000e-01, 4.1180000000000000e-01,
       3.7259999999999999e-01, 9.8199999999999996e-02,
       1.6680000000000000e-01, 2.3540000000000000e-01,
       2.9600000000000001e-02, 3.9399999999999998e-02,
       1.5700000000000000e-01, 2.9600000000000001e-02,
       1.7660000000000001e-01, 7.8599999999999989e-02,
       1.5700000000000000e-01, 1.7660000000000001e-01,
       1.3740000000000002e-01, 2.7460000000000001e-01,
       1.6680000000000000e-01, 4.4119999999999998e-01,
       5.9000000000000004e-02, 8.8399999999999992e-02,
       4.1180000000000000e-01, 3.5299999999999998e-01,
       6.8800000000000000e-02, 9.8199999999999996e-02,
       1.6680000000000000e-01, 2.8439999999999999e-01,
       4.9200000000000001e-02, 2.5500000000000000e-01,
       4.9019999999999997e-01, 4.2159999999999997e-01,
       2.3540000000000000e-01, 1.4720000000000000e-01,
       2.4520000000000000e-01, 2.0600000000000002e-01,
       1.6680000000000000e-01, 5.9000000000000004e-02,
       1.8640000000000001e-01, 4.4119999999999998e-01,
       7.8599999999999989e-02, 1.6680000000000000e-01,
       1.9620000000000001e-01, 2.1579999999999999e-01,
       2.4520000000000000e-01, 2.0600000000000002e-01,
