%YAML:1.0
Image: [ 15513, 15515, 15517, 15519, 15522, 15524, 15526, 15529, 15531,
    15533, 15535, 15538, 15541, 15543, 15545, 15547, 15550, 15552, 15555,
    15557, 15559, 15562, 15564, 15566, 15569, 15571, 15573, 15576, 15578,
    15580, 15583, 15585, 15588, 15590, 15592, 15595, 15597, 15599, 15601,
    15604, 15606, 15609, 15611, 15613, 15616, 15618, 15621, 15623, 15625,
    15628, 15630, 15632, 15634, 15637, 15639, 15642, 15644, 15646, 15649,
    15651, 15653, 15656, 15658, 15661, 15663, 15665, 15667, 15670, 15672,
    15675, 15677, 15679, 15682, 15684, 15686, 15689, 15691, 15694, 15696,
    15698, 15700, 15703, 15705, 15708, 15710, 15712, 15715, 15717, 15719,
    15722, 15724, 15726, 15729, 15731, 15733, 15736, 15738, 15740, 15743,
    15745, 15748, 15750, 15752, 15755, 15757, 15759, 15762, 15764, 15766,
    15769, 15771, 15773, 15776, 15778, 15780, 15783, 15785, 15787, 15790,
    15792, 15795, 15797, 15799, 15802, 15804, 15806, 15809, 15811, 15813,
    15816, 15818, 15820, 15823, 15825, 15827, 15830, 15832, 15834, 15837,
    15839, 15841, 15844, 15846, 15849, 15851, 15853, 15856, 15858, 15861,
    15863, 15865, 15867, 15870, 15872, 15874, 15877, 15879, 15882, 15884,
    15886, 15889, 15891, 15893, 15896, 15898, 15900, 15903, 15905, 15907,
    15910, 15911, 15913, 15915, 15917, 15920, 15922, 15924, 15927, 15929,
    15931, 15934, 15936, 15938, 15941, 15943, 15946, 15948, 15950, 15952,
    15955, 15957, 15959, 15962, 15963, 15966, 15968, 15970, 15973, 15975,
    15977, 15980, 15982, 15984, 15987, 15989, 15991, 15994, 15996, 15999,
    16001, 16003, 16006, 16008, 16011, 16013, 16015, 16017, 16020, 16022,
    16024, 16027, 16029, 16032, 16034, 16036, 16039, 16041, 16043, 16046,
    16048, 16050, 16053, 16055, 16057, 16060, 16062, 16064, 16067, 16069,
    16071, 16074, 16076, 16079, 16081, 16083, 16086, 16088, 16090, 16093,
    16095, 16097, 16100, 16102, 16105, 16107, 16109, 16112, 16114, 16116,
    16118, 16121, 16123, 16126, 16128, 16130, 16133, 16135, 16138, 16140,
    16142, 16144, 16147, 16149, 16152, 16154, 16156, 16159, 16161, 16163,
    16166, 16168, 16171, 16173, 16175, 16177, 16180, 16182, 16184, 16187,
    16189, 16192, 16194, 16196, 16199, 16201, 16203, 16206, 16208, 16210,
    16213, 16215, 16217, 16220, 16222, 16224, 16227, 16229, 16232, 16234,
    16236, 16238, 16241, 16243, 16245, 16248, 16250, 16253, 16255, 16257,
    16260, 16262, 16449, 16452, 16454, 16456, 16461, 16464, 16466, 16468,
    16470, 16475, 16478, 16480, 16485, 16487, 16489, 16492, 16494, 16496,
    16499, 16501, 16503, 16506, 16511, 16513, 16515, 16518, 16520, 16522,
    16525, 16527, 16529, 16532, 16534, 16536, 16539, 16541, 16544, 16546,
    16548, 16551, 16553, 16555, 16562, 16565, 16625, 16635, 16638, 16640,
    16642, 16645, 16647, 16649, 16652, 16654, 16659, 16663, 16666, 16668,
    16673, 16675, 16678, 16680, 16682, 16684, 16687, 16689, 16699, 16708,
    16720, 16722, 16725, 16729, 16732, 16737, 16739, 16746, 16748, 16750,
    16757, 16759, 16761, 16764, 16766, 16768, 16771, 16773, 16775, 16778,
    16783, 16785, 16787, 16790, 16792, 16852, 16854, 16857, 16859, 16862,
    16864, 16866, 16869, 16871, 16873, 16876, 16878, 16880, 16883, 16885,
    16887, 16890, 16892, 16895, 16897, 16899, 16902, 16904, 16906, 16909,
    16911, 16913, 16916, 16918, 16920, 16923, 16925, 16928, 16930, 16932,
    16934, 16937, 16939, 16942, 16944, 16946, 16949, 16951, 16953, 16956,
    16958, 16960, 16963, 16965, 16968, 16970, 16972, 16974, 16977, 16979,
    16981, 16984, 16986, 16989, 16991, 16993, 16996, 16998, 17000, 17003,
    17005, 17007, 17010, 17012, 17014, 17017, 17019, 17022, 17024, 17026,
    17028, 17031, 17033, 17036, 17038, 17040, 17043, 17045, 17047, 17050,
    17052 ]
