%YAML:1.0
Image: [ 0, 1, 2, 4, 6, 7, 8, 9, 11, 12, 13, 14, 16, 18, 19, 21, 22, 23,
    24, 25, 27, 28, 30, 31, 32, 33, 35, 37, 39, 40, 41, 42, 45, 46, 48,
    49, 51, 52, 53, 55, 58, 59, 61, 64, 66, 68, 70, 72, 74, 76, 77, 80,
    82, 85, 86, 87, 90, 91, 93, 95, 98, 99, 100, 101, 103, 105, 107, 109,
    112, 113, 116, 117, 118, 119, 120, 121, 122, 123, 125, 127, 128, 129,
    131, 132, 134, 135, 137, 138, 141, 143, 144, 145, 147, 149, 151, 153,
    155, 156, 157, 159, 161, 162, 164, 166, 168, 169, 170, 171, 173, 176,
    177, 179, 180, 182, 184, 185, 186, 187, 188, 190, 191, 192, 193, 196,
    198, 200, 201, 202, 204, 206, 207, 209, 210, 212, 214, 216, 218, 219,
    221, 222, 223, 224, 225, 227, 228, 230, 231, 233, 234, 235, 237, 238,
    240, 241, 242, 243, 244, 245, 247, 249, 250, 252, 254, 255, 257, 258,
    259, 261, 262, 263, 265, 266, 267, 269, 270, 272, 273, 274, 275, 276,
    278, 279, 280, 282, 283, 284, 285, 286, 287, 289, 290, 291, 292, 293,
    294, 295, 296, 297, 298, 300, 301, 302, 303, 304, 305, 306, 307, 309,
    311, 313, 314, 315, 316, 317, 319, 320, 321, 323, 324, 325, 327, 328,
    329, 331, 332, 334, 335, 336, 337, 338, 340, 341, 343, 345, 346, 347,
    348, 350, 351, 352, 353, 354, 355, 356, 357, 358, 359, 360, 362, 363,
    364, 366, 367, 368, 371, 372, 374, 375, 377, 378, 380, 381, 382, 383,
    385, 386, 387, 388, 389, 391, 392, 393, 394, 395, 396, 397, 398, 399,
    400, 401, 402, 404, 406, 407, 409, 410, 412, 414, 415, 417, 419, 420,
    423, 424, 425, 426, 428, 429, 431, 432, 433, 434, 435, 436, 437, 439,
    440, 442, 443, 445, 447, 448, 449, 451, 452, 453, 454, 455, 458, 459,
    460, 462, 464, 466, 467, 468, 470, 471, 473, 474, 475, 476, 477, 479,
    480, 481, 482, 483, 484, 486, 487, 488, 490, 491, 492, 493, 494, 496,
    497, 498, 500, 501, 502, 503, 506, 508, 509, 510, 512, 513, 514, 515,
    516, 518, 519, 520, 521, 522, 523, 524, 525, 526, 527, 528, 531, 532,
    533, 534, 535, 536, 538, 539, 540, 541, 542, 543, 546, 547, 548, 550,
    551, 553, 555, 556, 557, 558, 559, 560, 561, 563, 565, 566, 567, 568,
    569, 570, 572, 573, 574, 575, 576, 577, 579, 580, 581, 582, 583, 584,
    585, 586, 587, 589, 590, 592, 593, 594, 596, 598, 599, 600, 601, 602,
    603, 604, 605, 607, 608, 609, 610, 612, 613, 614, 616, 617, 618, 619,
    621, 622, 624, 626, 628, 629, 630, 631, 632, 633, 634, 635, 636, 637,
    638, 639, 640, 641, 642, 644, 645, 648, 649, 650, 651, 652, 654, 655,
    657, 659, 660, 661, 662, 663, 664, 665, 666, 667, 668, 670, 672, 674,
    675, 678, 679, 680, 681, 682, 684, 686, 688, 690, 692, 695 ]
