%YAML:1.0
Image: [ 0, 2, 4, 6, 8, 9, 11, 13, 15, 17, 18, 20, 21, 22, 23, 24, 27,
    29, 31, 33, 35, 36, 38, 39, 40, 41, 43, 44, 45, 47, 48, 49, 51, 52,
    53, 54, 56, 58, 60, 62, 64, 66, 68, 70, 71, 73, 74, 76, 77, 79, 80,
    82, 84, 87, 88, 89, 92, 94, 96, 97, 98, 100, 102, 103, 104, 106, 108,
    109, 112, 113, 114, 115, 116, 117, 118, 120, 121, 122, 123, 124, 125,
    127, 128, 129, 131, 132, 134, 135, 136, 137, 138, 140, 142, 144, 145,
    148, 150, 152, 153, 154, 155, 158, 160, 162, 164, 165, 167, 168, 170,
    172, 173, 175, 178, 179, 180, 182, 184, 185, 187, 188, 191, 193, 195,
    197, 198, 200, 202, 203, 206, 207, 209, 210, 211, 212, 214, 216, 218,
    219, 222, 223, 225, 227, 229, 231, 233, 235, 236, 237, 239, 240, 242,
    243, 244, 245, 247, 248, 251, 252, 254, 256, 257, 259, 261, 263, 264,
    265, 266, 267, 269, 271, 273, 274, 277, 278, 279, 280, 281, 283, 285,
    286, 287, 288, 291, 292, 293, 294, 296, 298, 299, 300, 306, 313, 314,
    323, 325, 330, 332, 333, 335, 337, 339, 340, 342, 343, 345, 347, 349,
    350, 351, 352, 354, 355, 357, 360, 361, 362, 365, 366, 368, 369, 371,
    372, 374, 376, 377, 378, 379, 381, 382, 384, 386, 388, 390, 391, 392,
    395, 396, 397, 399, 401, 402, 403, 405, 406, 407, 408, 410, 411, 412,
    413, 414, 415, 417, 419, 420, 421, 423, 424, 425, 426, 427, 428, 430,
    431, 433, 434, 435, 437, 439, 441, 442, 444, 445, 446, 447, 448, 449,
    450, 452, 455, 456, 458, 459, 460, 462, 463, 464, 465, 467, 469, 470,
    471, 474, 475, 476, 479, 480, 482, 483, 484, 485, 486, 488, 489, 490,
    491, 493, 494, 496, 498, 500, 502, 504, 505, 506, 508, 509, 510, 512,
    514, 515, 518, 519, 521, 523, 525, 526, 527, 528, 531, 532, 534, 536,
    537, 538, 541, 542, 544, 545, 546, 548, 550, 551, 553, 554, 555, 557,
    558, 559, 560, 561, 563, 565, 566, 567, 568, 570, 572, 573, 575, 576,
    577, 579, 580, 581, 583, 584, 585, 587, 589, 590, 592, 594, 596, 597,
    598, 600, 601, 602, 605, 607, 609, 612, 613, 614, 616, 618, 620, 622,
    623, 625, 626, 628, 629, 631, 633, 635, 637, 639, 641, 643, 644, 646,
    647, 648, 650, 651, 652, 653, 655, 656, 658, 659, 660, 661, 662, 663,
    665, 667, 668, 669, 670, 672, 674, 676, 678, 679, 680, 681, 682, 684,
    685, 687, 688, 689, 690, 692, 693, 696, 697, 699, 701, 703, 704, 706,
    707, 708, 710, 711, 712, 713, 715, 717, 718, 720, 721, 723, 724, 725,
    726, 727, 729, 730, 731, 732, 733, 735, 738, 740, 742, 745, 747, 749,
    751, 754, 756, 759, 761, 762, 764, 766, 767, 768, 770, 772, 774, 776,
    777, 779, 781, 782, 783, 785, 786, 787, 788, 790, 791, 793, 795 ]
