%YAML:1.0
Image: [ 157, 160, 163, 166, 169, 172, 176, 179, 182, 186, 189, 192, 195,
    198, 201, 204, 207, 210, 213, 216, 219, 222, 226, 228, 232, 235, 238,
    241, 244, 247, 251, 254, 257, 260, 264, 267, 270, 273, 276, 279, 282,
    286, 289, 292, 295, 298, 301, 305, 307, 311, 314, 317, 320, 323, 326,
    329, 332, 335, 338, 341, 343, 346, 349, 353, 355, 358, 361, 364, 367,
    370, 372, 375, 378, 381, 384, 387, 389, 392, 395, 398, 400, 403, 406,
    409, 412, 414, 418, 423, 426, 430, 434, 438, 442, 446, 450, 455, 458,
    463, 467, 471, 475, 480, 484, 488, 492, 496, 500, 504, 508, 512, 516,
    521, 525, 530, 534, 539, 543, 548, 552, 556, 561, 565, 570, 574, 579,
    583, 587, 591, 596, 600, 605, 609, 613, 617, 621, 625, 629, 634, 638,
    642, 646, 650, 654, 658, 662, 666, 669, 673, 677, 681, 684, 688, 691,
    695, 699, 703, 707, 710, 714, 717, 721, 725, 728, 732, 735, 739, 742,
    745, 749, 752, 757, 761, 765, 769, 773, 778, 782, 786, 791, 795, 799,
    803, 808, 812, 816, 820, 824, 828, 832, 838, 843, 848, 853, 857, 862,
    866, 870, 874, 878, 882, 887, 892, 897, 902, 907, 912, 916, 920, 925,
    929, 933, 938, 943, 948, 953, 957, 962, 967, 971, 975, 980, 984, 989,
    994, 998, 1003, 1006, 1021, 1024, 1028, 1033, 1035, 1042, 1046, 1050,
    1052, 1061, 1062, 1107, 1110, 1113, 1118, 1124, 1128, 1132, 1136,
    1140, 1145, 1150, 1154, 1157, 1169, 1172, 1175, 1179, 1183, 1187,
    1192, 1196, 1200, 1204, 1208, 1213, 1217, 1221, 1225, 1230, 1234,
    1238, 1242, 1246, 1250, 1255, 1258, 1262, 1266, 1269, 1273, 1277,
    1281, 1284, 1288, 1292, 1296, 1300, 1304, 1307, 1311, 1315, 1319,
    1324, 1327, 1331, 1335, 1340, 1345, 1350, 1354, 1358, 1363, 1366,
    1371, 1375, 1379, 1383, 1387, 1391, 1396, 1400, 1404, 1408, 1412,
    1417, 1421, 1426, 1430, 1434, 1441, 1446, 1451, 1455, 1460, 1465,
    1469, 1473, 1478, 1482, 1486, 1491, 1496, 1509, 1512, 1517, 1521,
    1525, 1529, 1533, 1537, 1541, 1545, 1549, 1553, 1556, 1560, 1564,
    1568, 1571, 1576, 1580, 1584, 1588, 1592, 1594, 1605, 1610, 1616,
    1621, 1627, 1633, 1638, 1645, 1650, 1654, 1659, 1663, 1670, 1674,
    1688, 1690, 1695, 1699, 1702, 1708, 1711, 1715, 1719, 1722, 1726,
    1729, 1732, 1736, 1739, 1742, 1747, 1751, 1754, 1757, 1761, 1763,
    1767, 1772, 1775, 1779, 1783, 1786, 1789, 1792, 1796, 1798, 1802,
    1806, 1809, 1813, 1816, 1820, 1823, 1828, 1831, 1835, 1838, 1842,
    1845, 1849, 1853, 1856, 1859, 1863, 1866, 1870, 1873, 1876, 1881,
    1885, 1889, 1893, 1896, 1900, 1904, 1908, 1912, 1915, 1920, 1923,
    1927, 1931, 1934, 1938, 1939, 1949, 1952, 1954, 1958, 1962, 1965,
    1969, 1972, 1976, 1979, 1983, 1986, 1990, 1994, 1997, 2000, 2004,
    2007, 2011, 2014, 2018, 2021, 2025, 2028, 2031, 2034, 2038, 2041,
    2045, 2048, 2052, 2055, 2059, 2063, 2067, 2070, 2074, 2077, 2081,
    2084, 2088, 2092, 2096, 2100, 2103, 2108, 2111, 2115, 2120, 2124,
    2128, 2132, 2137, 2141, 2145, 2149, 2153, 2158, 2162, 2166, 2171,
    2180 ]
