%YAML:1.0
Image: [ 0, 2, 3, 4, 5, 7, 8, 9, 11, 12, 14, 15, 16, 19, 20, 21, 22, 23,
    24, 25, 26, 28, 30, 32, 34, 36, 37, 38, 40, 43, 45, 48, 49, 50, 51,
    53, 54, 56, 57, 60, 62, 64, 65, 67, 69, 70, 73, 74, 76, 78, 81, 82,
    83, 84, 86, 88, 89, 90, 92, 94, 96, 98, 100, 102, 104, 107, 108, 109,
    111, 113, 114, 116, 117, 120, 121, 122, 123, 125, 126, 127, 129, 132,
    134, 136, 137, 139, 141, 143, 145, 147, 148, 149, 152, 154, 156, 157,
    158, 159, 160, 162, 164, 165, 167, 168, 169, 171, 172, 173, 174, 175,
    178, 179, 180, 181, 183, 185, 186, 187, 188, 189, 190, 191, 192, 193,
    195, 197, 199, 201, 202, 203, 204, 205, 207, 208, 209, 210, 212, 214,
    216, 217, 219, 221, 223, 224, 227, 228, 230, 232, 233, 234, 235, 236,
    238, 239, 241, 242, 244, 245, 246, 247, 248, 250, 251, 252, 253, 254,
    255, 258, 260, 262, 264, 266, 269, 271, 274, 275, 277, 280, 282, 283,
    286, 288, 291, 292, 294, 297, 299, 301, 303, 304, 306, 308, 311, 313,
    314, 317, 318, 321, 323, 325, 328, 330, 333, 335, 337, 340, 341, 343,
    344, 346, 348, 350, 351, 353, 354, 356, 357, 358, 360, 361, 362, 363,
    364, 367, 368, 370, 371, 372, 374, 375, 377, 380, 381, 383, 384, 386,
    387, 388, 389, 390, 392, 394, 396, 398, 399, 400, 401, 403, 405, 407,
    409, 411, 413, 414, 415, 417, 419, 420, 421, 423, 424, 425, 427, 429,
    430, 432, 434, 435, 436, 438, 439, 441, 442, 443, 445, 447, 448, 450,
    451, 453, 454, 455, 457, 458, 460, 461, 462, 463, 464, 466, 468, 469,
    472, 473, 474, 475, 476, 478, 479, 480, 481, 482, 484, 486, 487, 488,
    489, 490, 492, 494, 496, 497, 498, 500, 502, 503, 504, 505, 506, 507,
    509, 512, 514, 515, 516, 517, 518, 519, 521, 522, 523, 524, 527, 528,
    529, 530, 531, 532, 533, 534, 535, 536, 537, 539, 540, 542, 543, 544,
    545, 546, 548, 549, 550, 551, 554, 556, 557, 559, 560, 563, 564, 566,
    567, 569, 571, 572, 574, 575, 577, 580, 581, 582, 584, 586, 588, 590,
    591, 593, 594, 595, 596, 598, 601, 603, 604, 606, 607, 609, 610, 612,
    613, 615, 617, 618, 619, 620, 621, 622, 624, 626, 627, 630, 631, 632,
    633, 634, 636, 638, 640, 641, 642, 643, 645, 646, 649, 650, 652, 653,
    655, 657, 658, 659, 661, 663, 665, 666, 667, 670, 671, 673, 675, 678,
    680, 681, 682, 683, 684, 685, 687, 688, 689, 690, 692, 693, 694, 696,
    698, 699, 701, 702, 703, 706, 708, 709, 710, 711, 712, 714, 716, 719,
    720, 722, 725, 726, 727, 729, 730, 732, 733, 734, 736, 738, 740, 742,
    743, 744, 745, 746, 748, 750, 753, 754, 756, 758, 759, 761, 763, 764,
    766, 767, 769, 770, 771, 773, 775, 776, 777, 778, 780, 782 ]
